p cnf 10 71
-2 -1 0
-3 -1 0
-3 -2 0
-4 -1 0
-5 -2 0
-6 -3 0
-6 -4 0
-7 -1 0
-7 -2 0
-7 -3 0
-7 -4 0
-7 -5 0
-8 -1 0
-8 -2 0
-8 -3 0
-8 -4 0
-8 -5 0
-9 -1 0
-9 -3 0
-9 -4 0
-9 -5 0
-10 -2 0
-10 -3 0
-10 -4 0
-10 -7 0
-10 -8 0
1 2 3 4 5 6 7 8 0
1 2 3 4 5 6 7 9 0
1 2 3 4 5 6 7 10 0
1 2 3 4 5 6 8 9 0
1 2 3 4 5 6 8 10 0
1 2 3 4 5 6 9 10 0
1 2 3 4 5 7 8 9 0
1 2 3 4 5 7 8 10 0
1 2 3 4 5 7 9 10 0
1 2 3 4 5 8 9 10 0
1 2 3 4 6 7 8 9 0
1 2 3 4 6 7 8 10 0
1 2 3 4 6 7 9 10 0
1 2 3 4 6 8 9 10 0
1 2 3 4 7 8 9 10 0
1 2 3 5 6 7 8 9 0
1 2 3 5 6 7 8 10 0
1 2 3 5 6 7 9 10 0
1 2 3 5 6 8 9 10 0
1 2 3 5 7 8 9 10 0
1 2 3 6 7 8 9 10 0
1 2 4 5 6 7 8 9 0
1 2 4 5 6 7 8 10 0
1 2 4 5 6 7 9 10 0
1 2 4 5 6 8 9 10 0
1 2 4 5 7 8 9 10 0
1 2 4 6 7 8 9 10 0
1 2 5 6 7 8 9 10 0
1 3 4 5 6 7 8 9 0
1 3 4 5 6 7 8 10 0
1 3 4 5 6 7 9 10 0
1 3 4 5 6 8 9 10 0
1 3 4 5 7 8 9 10 0
1 3 4 6 7 8 9 10 0
1 3 5 6 7 8 9 10 0
1 4 5 6 7 8 9 10 0
2 3 4 5 6 7 8 9 0
2 3 4 5 6 7 8 10 0
2 3 4 5 6 7 9 10 0
2 3 4 5 6 8 9 10 0
2 3 4 5 7 8 9 10 0
2 3 4 6 7 8 9 10 0
2 3 5 6 7 8 9 10 0
2 4 5 6 7 8 9 10 0
3 4 5 6 7 8 9 10 0
